*6193
*6515
*6615
1401
1402
3333
65432
67657
331532
4574254
08931480
1800570870
1901767702
1901767722
1901767725
1901767727
1901767743
1901767744
1901767745
1901768221
1901768223
+97221111111
+97224025151
+97233741260
+97235046222
+97235046327
+97235168672
+97235222503
+97235666992
+97235770554
+97235774646
+97236006644
+97236024790
+97236111410
+97236111418
+97236111427
+97236111444
+97236111450
+97236150300
+97236205177
+97236254188
+97236360905
+97236360909
+97236360910
+97236425542
+97236440166
+97236911119
+97237046200
+97237117144
+97237296345
+97237525777
+97237940969
+97239010986
+97239385050
+97239385054
+97239385083
+97239629990
+97239639646
+97246666658
+97246666659
+97246666660
+97248401432
+97248500031
+97248500702
+97248502080
+97248502081
+97297498338
+97297660205
+97297676155
+97298333393
+97298356274
+905428798104
+972123456789
+972500000166
+972503007768
+972503635879
+972504303363
+972505775734
+972506996533
+972507079997
+972508089408
+972508089494
+972508089499
+972508091010
+972508150573
+972522135779
+972522344157
+972523245552
+972523327241
+972523966442
+972524343676
+972524488638
+972525460129
+972525554446
+972525724950
+972526377108
+972526518618
+972526715775
+972527139309
+972527635476
+972528262271
+972528999933
+972529980777
+972529991818
+972529997775
+972529997776
+972529997777
+972529999770
+972529999811
+972529999899
+972533409317
+972542103266
+972542255602
+972542278405
+972542282080
+972542412334
+972542965991
+972543086518
+972543145973
+972543173240
+972543599244
+972543637797
+972544002819
+972544450016
+972544865684
+972545297535
+972545814448
+972545986988
+972547241230
+972547575308
+972547727707
+972547770499
+972548072302
+972548390929
+972548497469
+972548594580
+972549133602
+972549140988
+972549705042
+972550025250
+972552252638
+972557000843
+972557000896
+972557000961
+972558972332
+972559703959
+972559785502
+972559999970
+972572434640
+972584031151
+972586892032
+972587780207
+972587809244
+972599210748
+972722002080
+972722119563
+972722135700
+972722135710
+972722135722
+972722135765
+972722135774
+972722151131
+972722156636
+972722168000
+972722168919
+972722168920
+972722212652
+972722212852
+972722212854
+972722212857
+972722213576
+972722215958
+972722217694
+972722217696
+972722219313
+972722219314
+972722219315
+972722219346
+972722219350
+972722219504
+972722219505
+972722219506
+972722219507
+972722219535
+972722219536
+972722219851
+972722224027
+972722239450
+972722270060
+972722370811
+972722454511
+972722454512
+972722454513
+972722454514
+972722454520
+972722454521
+972722454522
+972722454541
+972722454545
+972722454634
+972722464460
+972722468806
+972722509940
+972722566205
+972722567633
+972722567636
+972722567647
+972722569900
+972722575472
+972722578153
+972722578157
+972722578163
+972722578168
+972722578199
+972722631160
+972722650648
+972722657908
+972722657918
+972722754063
+972722757289
+972722757320
+972722761900
+972722776644
+972722776649
+972722788788
+972724545220
+972724545221
+972724545222
+972724545223
+972724545224
+972724545225
+972724545226
+972724545227
+972724545228
+972724545229
+972730254665
+972730720740
+972730720741
+972730720742
+972730720743
+972730720744
+972730720745
+972730720746
+972730720747
+972730720748
+972730720749
+972732005500
+972732012798
+972732012974
+972732033333
+972732093000
+972732123900
+972732125500
+972732125777
+972732130404
+972732224000
+972732240650
+972732240651
+972732240652
+972732240653
+972732240654
+972732240655
+972732240656
+972732240657
+972732240658
+972732240659
+972732244000
+972732244005
+972732244009
+972732244051
+972732244052
+972732244062
+972732244064
+972732244065
+972732244501
+972732341500
+972732377100
+972732381000
+972732392519
+972732394100
+972732422974
+972732424019
+972732429516
+972732433453
+972732456658
+972732474727
+972732474779
+972732475700
+972732481333
+972732499407
+972732526604
+972732545568
+972732546630
+972732546636
+972732546656
+972732546657
+972732546658
+972732546659
+972732546675
+972732546690
+972732550400
+972732553330
+972732553363
+972732553369
+972732553371
+972732553375
+972732553396
+972732575703
+972732606627
+972732606640
+972732654889
+972732664570
+972732689760
+972732745500
+972732753330
+972732792251
+972732903758
+972733294204
+972733294228
+972733294230
+972733458169
+972733905461
+972737265732
+972737372053
+972737560055
+972737563801
+972737688866
+972737971181
+972738553330
+972739712258
+972740517105
+972741570020
+972741570021
+972741570022
+972741570023
+972741570024
+972741570025
+972741570026
+972741570027
+972741570028
+972741570029
+972742244064
+972747182000
+972747290318
+972748369800
+972748369801
+972748369802
+972748369803
+972748369804
+972748369805
+972748369806
+972748369807
+972748369808
+972748369809
+972750871266
+972768099100
+972768863442
+972768873749
+972773136789
+972774320283
+972775710220
+972777725519
+972777725555
+972777725557
+972778181818
+972778982034
+972779215888
+972942233730
+972942233731
+972942233732
+972942233733
+972942233734
+972942233735
+972942233736
+972942233737
+972942233738
+972942233739
+9727222135765